0
1.616032
0.643568
0.609925
0.339757
0.041686
-0.198275
-0.020866
-0.064056
-0.063222
-0.090062
-0.026786
0.037449
0
1.616286
0.617536
0.593384
0.300275
0.095774
-0.215768
-0.025237
-0.057916
-0.090872
-0.089354
-0.025386
0.045329
0
1.676869
0.575693
0.613694
0.357891
0.114175
-0.292719
-0.020426
-0.055429
-0.103733
-0.068000
-0.049123
0.041890
0
1.659762
0.545875
0.623723
0.374245
0.124298
-0.261197
-0.017368
-0.057612
-0.079326
-0.073984
-0.049343
0.043141
0
1.601203
0.615341
0.601967
0.370382
0.101738
-0.252143
-0.049275
-0.048949
-0.064828
-0.067837
-0.045137
0.033551
0
1.413778
0.461266
0.333823
0.209541
0.379210
0.364268
0.380928
0.162673
-0.062380
-0.092824
-0.020667
0.066575
0
1.483258
0.455564
0.340540
0.270334
0.390456
0.316288
0.398735
0.174906
-0.108565
-0.099741
0.022359
0.068301
0
1.417274
0.487082
0.293322
0.231460
0.361399
0.347656
0.357655
0.158359
-0.074564
-0.091249
0.001562
0.054641
0
1.344079
0.526650
0.303385
0.263376
0.377493
0.378260
0.305942
0.121507
-0.051937
-0.077216
0.016729
0.053660
0
1.406198
0.521598
0.323974
0.242114
0.383793
0.379970
0.368022
0.155178
-0.072156
-0.075228
-0.001737
0.054289
0
1.188178
0.351651
0.440416
0.364717
0.346002
0.267090
0.387951
0.155786
-0.010832
0.009777
0.070521
0.089493
0
1.114794
0.407717
0.419673
0.392943
0.346733
0.254960
0.339959
0.163304
-0.014818
0.027267
0.096640
0.078424
0
1.086783
0.343214
0.396023
0.400434
0.328175
0.248281
0.316018
0.153384
0.008395
0.049041
0.086526
0.064075
0
1.128178
0.312228
0.421089
0.456777
0.334593
0.247283
0.329206
0.176792
-0.005674
0.037578
0.104991
0.077448
0
1.158964
0.322050
0.434004
0.467371
0.346712
0.249040
0.338899
0.174594
-0.025829
0.065328
0.124924
0.071600
0
1.358596
0.782317
0.577444
0.441408
0.315689
0.204626
0.152285
0.061023
-0.014689
-0.007051
-0.005584
-0.034959
0
1.394783
0.815280
0.615509
0.469248
0.307399
0.205062
0.140853
0.050386
-0.013803
-0.013711
-0.005516
-0.041530
0
1.393269
0.798425
0.589822
0.447599
0.307650
0.207401
0.131826
0.038928
-0.016341
-0.016523
-0.016696
-0.046194
0
1.404426
0.805603
0.602646
0.448744
0.321097
0.222801
0.132148
0.033136
-0.003872
-0.005083
-0.011523
-0.040736
0
1.533504
0.840115
0.649168
0.470472
0.317748
0.246521
0.162236
0.053181
0.004111
-0.037627
-0.025043
-0.042214
0
1.263793
0.688404
0.511200
0.391658
0.283871
0.224144
0.183334
0.117959
0.069814
0.079006
0.067591
0.017250
0
1.286371
0.716770
0.525098
0.414036
0.304141
0.224600
0.187699
0.149647
0.090962
0.066450
0.076192
0.036256
0
1.279180
0.734739
0.550868
0.422218
0.315784
0.226809
0.175333
0.127258
0.066757
0.052918
0.074833
0.024548
0
1.236085
0.707526
0.520511
0.398147
0.306296
0.234616
0.177831
0.133119
0.092730
0.066853
0.068072
0.028598
0
1.266411
0.723757
0.544994
0.422098
0.312846
0.234120
0.183960
0.130699
0.080757
0.060644
0.071080
0.029054
